At time 1696875751.823258629
- Translation: [0.000, 0.000, 0.000]
- Rotation: in Quaternion [0.000, 0.000, 0.461, 0.887]
- Rotation: in RPY (radian) [0.000, -0.000, 0.958]
- Rotation: in RPY (degree) [0.000, -0.000, 54.907]
- Matrix:
  0.575 -0.818  0.000  0.000
  0.818  0.575  0.000  0.000
  0.000  0.000  1.000  0.000
  0.000  0.000  0.000  1.000
At time 1696875752.815148884
- Translation: [0.000, 0.000, 0.000]
- Rotation: in Quaternion [0.000, 0.000, 0.461, 0.887]
- Rotation: in RPY (radian) [0.000, -0.000, 0.958]
- Rotation: in RPY (degree) [0.000, -0.000, 54.907]
- Matrix:
  0.575 -0.818  0.000  0.000
  0.818  0.575  0.000  0.000
  0.000  0.000  1.000  0.000
  0.000  0.000  0.000  1.000
At time 1696875753.823143438
- Translation: [0.000, 0.000, 0.000]
- Rotation: in Quaternion [0.000, 0.000, 0.461, 0.887]
- Rotation: in RPY (radian) [0.000, -0.000, 0.958]
- Rotation: in RPY (degree) [0.000, -0.000, 54.907]
- Matrix:
  0.575 -0.818  0.000  0.000
  0.818  0.575  0.000  0.000
  0.000  0.000  1.000  0.000
  0.000  0.000  0.000  1.000
At time 1696875754.815562318
- Translation: [0.000, 0.000, 0.000]
- Rotation: in Quaternion [0.000, 0.000, 0.461, 0.887]
- Rotation: in RPY (radian) [0.000, -0.000, 0.958]
- Rotation: in RPY (degree) [0.000, -0.000, 54.907]
- Matrix:
  0.575 -0.818  0.000  0.000
  0.818  0.575  0.000  0.000
  0.000  0.000  1.000  0.000
  0.000  0.000  0.000  1.000
At time 1696875755.822903793
- Translation: [0.000, 0.000, 0.000]
- Rotation: in Quaternion [0.000, 0.000, 0.461, 0.887]
- Rotation: in RPY (radian) [0.000, -0.000, 0.958]
- Rotation: in RPY (degree) [0.000, -0.000, 54.907]
- Matrix:
  0.575 -0.818  0.000  0.000
  0.818  0.575  0.000  0.000
  0.000  0.000  1.000  0.000
  0.000  0.000  0.000  1.000
At time 1696875756.815047859
- Translation: [0.000, 0.000, 0.000]
- Rotation: in Quaternion [0.000, 0.000, 0.461, 0.887]
- Rotation: in RPY (radian) [0.000, -0.000, 0.958]
- Rotation: in RPY (degree) [0.000, -0.000, 54.907]
- Matrix:
  0.575 -0.818  0.000  0.000
  0.818  0.575  0.000  0.000
  0.000  0.000  1.000  0.000
  0.000  0.000  0.000  1.000
At time 1696875757.822815228
- Translation: [0.000, 0.000, 0.000]
- Rotation: in Quaternion [0.000, 0.000, 0.461, 0.887]
- Rotation: in RPY (radian) [0.000, -0.000, 0.958]
- Rotation: in RPY (degree) [0.000, -0.000, 54.907]
- Matrix:
  0.575 -0.818  0.000  0.000
  0.818  0.575  0.000  0.000
  0.000  0.000  1.000  0.000
  0.000  0.000  0.000  1.000
At time 1696875758.815492231
- Translation: [0.000, 0.000, 0.000]
- Rotation: in Quaternion [0.000, 0.000, 0.461, 0.887]
- Rotation: in RPY (radian) [0.000, -0.000, 0.958]
- Rotation: in RPY (degree) [0.000, -0.000, 54.907]
- Matrix:
  0.575 -0.818  0.000  0.000
  0.818  0.575  0.000  0.000
  0.000  0.000  1.000  0.000
  0.000  0.000  0.000  1.000
At time 1696875759.823087844
- Translation: [-1.408, 0.000, 0.000]
- Rotation: in Quaternion [0.000, 0.000, 0.461, 0.887]
- Rotation: in RPY (radian) [0.000, -0.000, 0.958]
- Rotation: in RPY (degree) [0.000, -0.000, 54.907]
- Matrix:
  0.575 -0.818  0.000 -1.408
  0.818  0.575  0.000  0.000
  0.000  0.000  1.000  0.000
  0.000  0.000  0.000  1.000
At time 1696875760.814833527
- Translation: [-1.027, 1.327, 0.000]
- Rotation: in Quaternion [0.000, 0.000, -0.346, 0.938]
- Rotation: in RPY (radian) [0.000, 0.000, -0.706]
- Rotation: in RPY (degree) [0.000, 0.000, -40.428]
- Matrix:
  0.761  0.648  0.000 -1.027
 -0.648  0.761 -0.000  1.327
 -0.000  0.000  1.000  0.000
  0.000  0.000  0.000  1.000
At time 1696875761.823288060
- Translation: [-1.935, 0.647, 0.000]
- Rotation: in Quaternion [0.000, 0.000, -0.382, 0.924]
- Rotation: in RPY (radian) [0.000, 0.000, -0.784]
- Rotation: in RPY (degree) [0.000, 0.000, -44.900]
- Matrix:
  0.708  0.706  0.000 -1.935
 -0.706  0.708 -0.000  0.647
 -0.000  0.000  1.000  0.000
  0.000  0.000  0.000  1.000
At time 1696875762.814977285
- Translation: [-1.187, 0.133, 0.000]
- Rotation: in Quaternion [0.000, 0.000, -0.191, 0.982]
- Rotation: in RPY (radian) [0.000, 0.000, -0.385]
- Rotation: in RPY (degree) [0.000, 0.000, -22.045]
- Matrix:
  0.927  0.375  0.000 -1.187
 -0.375  0.927 -0.000  0.133
 -0.000  0.000  1.000  0.000
  0.000  0.000  0.000  1.000
At time 1696875763.822976717
- Translation: [-0.602, -0.010, 0.000]
- Rotation: in Quaternion [0.000, 0.000, -0.054, 0.999]
- Rotation: in RPY (radian) [0.000, 0.000, -0.109]
- Rotation: in RPY (degree) [0.000, 0.000, -6.241]
- Matrix:
  0.994  0.109  0.000 -0.602
 -0.109  0.994 -0.000 -0.010
 -0.000  0.000  1.000  0.000
  0.000  0.000  0.000  1.000
At time 1696875764.814776257
- Translation: [-0.303, -0.023, 0.000]
- Rotation: in Quaternion [0.000, 0.000, 0.008, 1.000]
- Rotation: in RPY (radian) [0.000, -0.000, 0.016]
- Rotation: in RPY (degree) [0.000, -0.000, 0.896]
- Matrix:
  1.000 -0.016  0.000 -0.303
  0.016  1.000  0.000 -0.023
  0.000  0.000  1.000  0.000
  0.000  0.000  0.000  1.000
At time 1696875765.823643659
- Translation: [-0.148, -0.016, 0.000]
- Rotation: in Quaternion [0.000, 0.000, 0.039, 0.999]
- Rotation: in RPY (radian) [0.000, -0.000, 0.077]
- Rotation: in RPY (degree) [0.000, -0.000, 4.434]
- Matrix:
  0.997 -0.077  0.000 -0.148
  0.077  0.997  0.000 -0.016
  0.000  0.000  1.000  0.000
  0.000  0.000  0.000  1.000
At time 1696875766.815456044
- Translation: [-0.074, -0.009, 0.000]
- Rotation: in Quaternion [0.000, 0.000, 0.053, 0.999]
- Rotation: in RPY (radian) [0.000, -0.000, 0.106]
- Rotation: in RPY (degree) [0.000, -0.000, 6.101]
- Matrix:
  0.994 -0.106  0.000 -0.074
  0.106  0.994  0.000 -0.009
  0.000  0.000  1.000  0.000
  0.000  0.000  0.000  1.000
At time 1696875767.822971144
- Translation: [-0.036, -0.005, 0.000]
- Rotation: in Quaternion [0.000, 0.000, 0.061, 0.998]
- Rotation: in RPY (radian) [0.000, -0.000, 0.121]
- Rotation: in RPY (degree) [0.000, -0.000, 6.939]
- Matrix:
  0.993 -0.121  0.000 -0.036
  0.121  0.993  0.000 -0.005
  0.000  0.000  1.000  0.000
  0.000  0.000  0.000  1.000
At time 1696875768.814672127
- Translation: [-0.018, -0.002, 0.000]
- Rotation: in Quaternion [0.000, 0.000, 0.064, 0.998]
- Rotation: in RPY (radian) [0.000, -0.000, 0.128]
- Rotation: in RPY (degree) [0.000, -0.000, 7.335]
- Matrix:
  0.992 -0.128  0.000 -0.018
  0.128  0.992  0.000 -0.002
  0.000  0.000  1.000  0.000
  0.000  0.000  0.000  1.000
At time 1696875769.822589481
- Translation: [-0.009, -0.001, 0.000]
- Rotation: in Quaternion [0.000, 0.000, 0.066, 0.998]
- Rotation: in RPY (radian) [0.000, -0.000, 0.131]
- Rotation: in RPY (degree) [0.000, -0.000, 7.533]
- Matrix:
  0.991 -0.131  0.000 -0.009
  0.131  0.991  0.000 -0.001
  0.000  0.000  1.000  0.000
  0.000  0.000  0.000  1.000
